# Generated with dmote-topography, version 0.3.0. Arguments:
# --x-mu 10 --x-sigma 40 --y-mu 93 --y-sigma 40 --hardness 0.5 --lift 0.2
  0.00   0.00   0.00   0.00   0.00   0.00   0.00   0.00   0.00   0.00   0.00   0.00   0.00   0.00   0.00   0.00   0.00   0.00   0.00   0.00   0.00   0.00   0.00   0.00   0.00   0.00   0.00   0.00   0.00   0.00   0.00   0.00   0.00   0.00   0.00   0.00   0.00   0.00   0.00   0.00   0.00   0.00   0.00   0.00   0.00   0.00   0.00   0.00   0.00   0.00   0.00   0.00   0.00   0.00   0.00   0.00   0.00   0.00   0.00   0.00   0.00   0.00   0.00   0.00   0.00   0.00   0.00   0.00   0.00   0.00   0.00   0.00   0.00   0.00   0.00   0.00   0.00   0.00   0.00   0.00   0.00   0.00   0.00   0.00   0.00   0.00   0.00   0.00   0.00   0.00   0.00   0.00   0.00   0.00   0.00   0.00   0.00   0.00   0.00   0.00
  0.00   5.67   7.13   8.02   8.64   9.11   9.49   9.80  10.07  10.30  10.50  10.67  10.83  10.96  11.09  11.19  11.29  11.38  11.45  11.52  11.58  11.63  11.67  11.71  11.74  11.77  11.79  11.80  11.81  11.82  11.82  11.82  11.81  11.80  11.79  11.77  11.75  11.73  11.70  11.67  11.64  11.61  11.57  11.53  11.49  11.45  11.40  11.36  11.31  11.26  11.21  11.16  11.10  11.05  10.99  10.93  10.88  10.82  10.76  10.69  10.63  10.57  10.51  10.44  10.37  10.31  10.24  10.17  10.10  10.03   9.96   9.89   9.81   9.74   9.66   9.58   9.50   9.42   9.33   9.25   9.15   9.06   8.96   8.86   8.75   8.63   8.51   8.38   8.23   8.08   7.91   7.72   7.50   7.25   6.95   6.58   6.10   5.43   4.31   0.00
  0.00   7.24   9.11  10.24  11.03  11.64  12.12  12.52  12.86  13.16  13.41  13.63  13.83  14.00  14.16  14.30  14.42  14.53  14.62  14.71  14.78  14.85  14.90  14.95  14.99  15.02  15.05  15.06  15.08  15.08  15.08  15.08  15.07  15.05  15.03  15.01  14.98  14.95  14.91  14.87  14.83  14.78  14.73  14.68  14.62  14.57  14.51  14.45  14.38  14.32  14.25  14.18  14.11  14.03  13.96  13.88  13.81  13.73  13.65  13.57  13.48  13.40  13.32  13.23  13.15  13.06  12.97  12.88  12.79  12.70  12.60  12.51  12.41  12.32  12.22  12.11  12.01  11.90  11.79  11.68  11.56  11.44  11.31  11.18  11.04  10.89  10.74  10.57  10.39  10.19   9.97   9.73   9.45   9.13   8.76   8.29   7.69   6.84   5.43   0.00
  0.00   8.25  10.39  11.67  12.58  13.27  13.82  14.28  14.67  15.00  15.29  15.55  15.77  15.97  16.15  16.30  16.44  16.56  16.67  16.77  16.85  16.92  16.99  17.04  17.08  17.12  17.14  17.16  17.17  17.18  17.17  17.17  17.15  17.13  17.11  17.08  17.04  17.00  16.96  16.91  16.86  16.80  16.74  16.68  16.61  16.54  16.47  16.40  16.32  16.24  16.16  16.08  16.00  15.91  15.82  15.73  15.64  15.55  15.45  15.36  15.26  15.17  15.07  14.97  14.87  14.76  14.66  14.56  14.45  14.34  14.24  14.13  14.01  13.90  13.78  13.67  13.55  13.42  13.30  13.17  13.03  12.89  12.75  12.59  12.44  12.27  12.09  11.90  11.69  11.47  11.22  10.95  10.63  10.27   9.85   9.32   8.64   7.69   6.10   0.00
  0.00   9.02  11.37  12.77  13.76  14.52  15.13  15.63  16.05  16.42  16.74  17.01  17.26  17.48  17.67  17.84  17.99  18.12  18.24  18.35  18.44  18.51  18.58  18.63  18.68  18.71  18.74  18.76  18.77  18.77  18.77  18.75  18.74  18.71  18.68  18.64  18.60  18.56  18.51  18.45  18.39  18.32  18.26  18.18  18.11  18.03  17.95  17.87  17.78  17.69  17.60  17.50  17.41  17.31  17.21  17.11  17.00  16.90  16.79  16.69  16.58  16.47  16.36  16.24  16.13  16.02  15.90  15.78  15.67  15.55  15.43  15.30  15.18  15.05  14.92  14.79  14.66  14.52  14.38  14.24  14.09  13.94  13.78  13.61  13.44  13.25  13.06  12.85  12.62  12.38  12.11  11.81  11.48  11.09  10.63  10.06   9.32   8.29   6.58   0.00
  0.00   9.67  12.18  13.69  14.75  15.56  16.22  16.75  17.21  17.60  17.94  18.24  18.50  18.74  18.94  19.12  19.28  19.43  19.55  19.66  19.76  19.84  19.91  19.97  20.01  20.05  20.07  20.09  20.10  20.10  20.09  20.07  20.05  20.02  19.99  19.94  19.90  19.84  19.78  19.72  19.65  19.58  19.50  19.42  19.34  19.25  19.16  19.06  18.97  18.87  18.77  18.66  18.55  18.45  18.33  18.22  18.11  17.99  17.87  17.76  17.64  17.51  17.39  17.27  17.14  17.02  16.89  16.76  16.63  16.50  16.37  16.24  16.10  15.96  15.82  15.68  15.54  15.39  15.24  15.08  14.92  14.76  14.59  14.41  14.22  14.02  13.81  13.59  13.35  13.09  12.81  12.49  12.13  11.72  11.23  10.63   9.85   8.76   6.95   0.00
  0.00  10.24  12.90  14.50  15.63  16.49  17.18  17.75  18.23  18.65  19.01  19.32  19.60  19.85  20.06  20.26  20.43  20.58  20.71  20.82  20.92  21.01  21.08  21.14  21.18  21.22  21.25  21.26  21.27  21.26  21.25  21.23  21.21  21.17  21.13  21.08  21.03  20.97  20.90  20.83  20.75  20.67  20.59  20.50  20.40  20.31  20.21  20.10  20.00  19.89  19.77  19.66  19.54  19.42  19.30  19.18  19.05  18.93  18.80  18.67  18.54  18.41  18.27  18.14  18.00  17.87  17.73  17.59  17.45  17.31  17.17  17.02  16.88  16.73  16.58  16.43  16.27  16.11  15.95  15.78  15.61  15.44  15.25  15.06  14.87  14.66  14.44  14.20  13.95  13.67  13.37  13.04  12.66  12.23  11.72  11.09  10.28   9.14   7.25   0.00
  0.00  10.76  13.56  15.24  16.42  17.33  18.06  18.66  19.17  19.60  19.98  20.31  20.61  20.86  21.09  21.29  21.47  21.63  21.76  21.88  21.99  22.07  22.15  22.21  22.25  22.29  22.31  22.33  22.33  22.32  22.31  22.29  22.25  22.21  22.17  22.11  22.05  21.98  21.91  21.83  21.75  21.66  21.56  21.47  21.36  21.26  21.15  21.03  20.92  20.80  20.67  20.55  20.42  20.29  20.16  20.03  19.89  19.75  19.61  19.47  19.33  19.19  19.05  18.90  18.76  18.61  18.46  18.31  18.16  18.01  17.86  17.70  17.55  17.39  17.23  17.07  16.90  16.73  16.56  16.39  16.21  16.02  15.83  15.63  15.42  15.20  14.97  14.72  14.46  14.17  13.86  13.51  13.12  12.67  12.13  11.48  10.64   9.46   7.50   0.00
  0.00  11.25  14.18  15.94  17.17  18.12  18.88  19.51  20.04  20.50  20.90  21.24  21.55  21.82  22.06  22.27  22.45  22.61  22.76  22.88  22.99  23.08  23.15  23.21  23.26  23.29  23.31  23.33  23.33  23.32  23.30  23.27  23.23  23.19  23.13  23.07  23.00  22.93  22.85  22.76  22.67  22.57  22.47  22.36  22.25  22.14  22.02  21.89  21.77  21.64  21.50  21.37  21.23  21.09  20.95  20.80  20.66  20.51  20.36  20.21  20.06  19.90  19.75  19.59  19.44  19.28  19.12  18.96  18.80  18.64  18.48  18.31  18.15  17.98  17.81  17.64  17.46  17.29  17.11  16.92  16.73  16.53  16.33  16.12  15.90  15.67  15.43  15.18  14.90  14.60  14.28  13.92  13.51  13.04  12.49  11.82  10.95   9.74   7.72   0.00
  0.00  11.72  14.77  16.60  17.89  18.88  19.67  20.33  20.88  21.36  21.77  22.13  22.45  22.73  22.98  23.20  23.39  23.56  23.70  23.83  23.94  24.03  24.11  24.17  24.21  24.25  24.27  24.28  24.27  24.26  24.24  24.20  24.16  24.11  24.05  23.98  23.91  23.83  23.74  23.65  23.54  23.44  23.33  23.21  23.09  22.96  22.83  22.70  22.56  22.42  22.28  22.13  21.99  21.84  21.68  21.53  21.37  21.21  21.05  20.89  20.73  20.56  20.40  20.23  20.07  19.90  19.73  19.56  19.39  19.22  19.05  18.87  18.70  18.52  18.34  18.16  17.97  17.79  17.60  17.40  17.20  17.00  16.79  16.57  16.34  16.10  15.85  15.58  15.30  14.99  14.65  14.28  13.86  13.38  12.81  12.12  11.23   9.98   7.91   0.00
  0.00  12.18  15.34  17.25  18.59  19.62  20.44  21.12  21.70  22.19  22.62  23.00  23.33  23.62  23.88  24.10  24.30  24.47  24.63  24.76  24.87  24.96  25.04  25.10  25.14  25.17  25.19  25.20  25.19  25.17  25.15  25.11  25.06  25.00  24.94  24.86  24.78  24.69  24.60  24.49  24.38  24.27  24.15  24.02  23.89  23.76  23.62  23.47  23.33  23.18  23.02  22.87  22.71  22.54  22.38  22.21  22.05  21.88  21.71  21.53  21.36  21.19  21.01  20.84  20.66  20.48  20.30  20.12  19.94  19.76  19.58  19.39  19.21  19.02  18.83  18.64  18.45  18.25  18.05  17.85  17.64  17.42  17.20  16.97  16.74  16.49  16.23  15.95  15.66  15.34  14.99  14.61  14.18  13.68  13.10  12.39  11.48  10.20   8.09   0.00
  0.00  12.62  15.91  17.88  19.27  20.34  21.19  21.90  22.50  23.01  23.46  23.85  24.19  24.49  24.76  24.99  25.19  25.37  25.53  25.66  25.77  25.87  25.95  26.01  26.05  26.08  26.10  26.10  26.09  26.07  26.04  25.99  25.94  25.88  25.80  25.72  25.63  25.54  25.43  25.32  25.20  25.08  24.95  24.81  24.67  24.53  24.38  24.22  24.06  23.90  23.74  23.57  23.40  23.23  23.05  22.88  22.70  22.52  22.33  22.15  21.97  21.78  21.60  21.41  21.22  21.03  20.84  20.65  20.46  20.27  20.07  19.88  19.69  19.49  19.29  19.09  18.89  18.68  18.47  18.26  18.04  17.82  17.59  17.35  17.10  16.85  16.58  16.29  15.99  15.66  15.30  14.91  14.47  13.96  13.36  12.64  11.71  10.40   8.24   0.00
  0.00  13.06  16.46  18.51  19.95  21.05  21.94  22.67  23.29  23.83  24.29  24.69  25.04  25.35  25.63  25.87  26.08  26.26  26.42  26.56  26.67  26.77  26.85  26.91  26.95  26.98  26.99  26.99  26.98  26.95  26.91  26.86  26.81  26.74  26.66  26.57  26.47  26.37  26.25  26.13  26.00  25.87  25.73  25.58  25.43  25.28  25.12  24.95  24.78  24.61  24.44  24.26  24.08  23.89  23.70  23.52  23.33  23.13  22.94  22.75  22.55  22.35  22.16  21.96  21.76  21.56  21.36  21.16  20.96  20.75  20.55  20.35  20.14  19.94  19.73  19.52  19.30  19.09  18.87  18.65  18.42  18.19  17.95  17.70  17.45  17.18  16.90  16.61  16.30  15.96  15.59  15.19  14.73  14.22  13.61  12.87  11.91  10.58   8.39   0.00
  0.00  13.50  17.02  19.13  20.62  21.77  22.68  23.44  24.08  24.63  25.11  25.53  25.89  26.21  26.50  26.74  26.96  27.15  27.31  27.45  27.57  27.66  27.74  27.80  27.84  27.87  27.88  27.88  27.86  27.83  27.79  27.73  27.67  27.59  27.50  27.41  27.30  27.19  27.06  26.94  26.80  26.65  26.50  26.35  26.19  26.02  25.85  25.67  25.49  25.31  25.12  24.93  24.74  24.54  24.34  24.14  23.94  23.74  23.53  23.33  23.12  22.91  22.70  22.49  22.28  22.07  21.86  21.65  21.44  21.22  21.01  20.80  20.58  20.36  20.15  19.93  19.70  19.48  19.25  19.02  18.78  18.54  18.29  18.04  17.77  17.50  17.21  16.91  16.59  16.24  15.86  15.45  14.98  14.46  13.83  13.08  12.11  10.75   8.52   0.00
  0.00  13.94  17.57  19.76  21.30  22.48  23.43  24.21  24.88  25.44  25.94  26.37  26.74  27.08  27.37  27.62  27.84  28.04  28.20  28.35  28.46  28.56  28.64  28.70  28.74  28.76  28.77  28.76  28.74  28.71  28.66  28.60  28.52  28.44  28.35  28.24  28.13  28.01  27.87  27.74  27.59  27.43  27.27  27.11  26.94  26.76  26.57  26.39  26.20  26.00  25.80  25.60  25.39  25.19  24.98  24.76  24.55  24.33  24.12  23.90  23.68  23.46  23.24  23.02  22.80  22.57  22.35  22.13  21.91  21.68  21.46  21.23  21.01  20.78  20.55  20.32  20.09  19.85  19.62  19.37  19.13  18.88  18.62  18.36  18.09  17.80  17.50  17.19  16.86  16.50  16.12  15.69  15.22  14.68  14.05  13.28  12.29  10.91   8.65   0.00
  0.00  14.39  18.13  20.39  21.98  23.20  24.18  24.99  25.67  26.26  26.77  27.21  27.60  27.94  28.24  28.50  28.73  28.93  29.10  29.25  29.37  29.46  29.54  29.60  29.64  29.66  29.66  29.65  29.63  29.59  29.53  29.46  29.39  29.29  29.19  29.08  28.96  28.83  28.69  28.54  28.38  28.22  28.04  27.87  27.68  27.49  27.30  27.10  26.90  26.69  26.48  26.26  26.05  25.83  25.60  25.38  25.15  24.92  24.69  24.46  24.23  24.00  23.77  23.53  23.30  23.07  22.83  22.60  22.36  22.13  21.89  21.66  21.42  21.18  20.94  20.70  20.46  20.22  19.97  19.72  19.46  19.20  18.94  18.67  18.38  18.09  17.78  17.46  17.12  16.76  16.36  15.93  15.44  14.89  14.25  13.46  12.46  11.06   8.77   0.00
  0.00  14.83  18.70  21.02  22.67  23.92  24.93  25.77  26.48  27.08  27.61  28.07  28.47  28.82  29.13  29.40  29.63  29.83  30.01  30.15  30.28  30.37  30.45  30.51  30.55  30.56  30.57  30.55  30.52  30.47  30.41  30.34  30.25  30.15  30.04  29.92  29.79  29.65  29.50  29.34  29.17  29.00  28.82  28.63  28.43  28.23  28.02  27.81  27.60  27.38  27.15  26.93  26.70  26.46  26.23  25.99  25.75  25.51  25.27  25.02  24.78  24.54  24.29  24.05  23.80  23.55  23.31  23.06  22.81  22.57  22.32  22.07  21.83  21.58  21.33  21.08  20.83  20.57  20.31  20.05  19.79  19.52  19.24  18.96  18.67  18.37  18.05  17.72  17.37  17.00  16.60  16.15  15.66  15.10  14.44  13.64  12.62  11.21   8.88   0.00
  0.00  15.28  19.27  21.67  23.36  24.66  25.70  26.56  27.29  27.92  28.46  28.93  29.34  29.70  30.02  30.30  30.54  30.75  30.92  31.07  31.20  31.30  31.37  31.43  31.46  31.48  31.48  31.46  31.42  31.37  31.30  31.22  31.13  31.02  30.90  30.77  30.63  30.48  30.32  30.15  29.97  29.79  29.59  29.39  29.19  28.97  28.75  28.53  28.30  28.07  27.83  27.59  27.35  27.10  26.85  26.60  26.35  26.10  25.84  25.58  25.33  25.07  24.81  24.55  24.30  24.04  23.78  23.52  23.26  23.00  22.74  22.49  22.23  21.97  21.71  21.45  21.18  20.92  20.65  20.38  20.11  19.83  19.54  19.25  18.95  18.64  18.32  17.98  17.62  17.23  16.82  16.37  15.86  15.29  14.62  13.81  12.78  11.34   8.98   0.00
  0.00  15.74  19.85  22.32  24.07  25.40  26.48  27.37  28.12  28.76  29.32  29.81  30.23  30.60  30.93  31.21  31.46  31.67  31.85  32.01  32.13  32.23  32.31  32.36  32.39  32.41  32.40  32.38  32.34  32.28  32.21  32.12  32.02  31.90  31.78  31.64  31.49  31.32  31.15  30.97  30.78  30.58  30.38  30.17  29.95  29.72  29.49  29.25  29.01  28.76  28.51  28.26  28.00  27.74  27.48  27.22  26.95  26.68  26.41  26.14  25.87  25.60  25.33  25.06  24.79  24.52  24.25  23.98  23.71  23.44  23.16  22.89  22.62  22.35  22.08  21.81  21.54  21.26  20.98  20.70  20.42  20.13  19.84  19.53  19.22  18.90  18.57  18.22  17.85  17.46  17.04  16.58  16.06  15.48  14.80  13.98  12.93  11.47   9.09   0.00
  0.00  16.21  20.44  22.98  24.78  26.16  27.27  28.19  28.96  29.62  30.20  30.70  31.14  31.52  31.85  32.14  32.40  32.61  32.80  32.95  33.08  33.18  33.26  33.31  33.34  33.35  33.34  33.31  33.26  33.20  33.12  33.03  32.92  32.79  32.66  32.51  32.35  32.18  31.99  31.80  31.60  31.39  31.17  30.95  30.72  30.48  30.23  29.98  29.72  29.46  29.20  28.93  28.66  28.39  28.11  27.83  27.55  27.27  26.99  26.71  26.42  26.14  25.85  25.57  25.28  25.00  24.72  24.43  24.15  23.87  23.58  23.30  23.02  22.74  22.45  22.17  21.88  21.60  21.31  21.02  20.73  20.43  20.12  19.81  19.49  19.16  18.82  18.46  18.08  17.68  17.25  16.78  16.26  15.66  14.97  14.14  13.07  11.60   9.18   0.00
  0.00  16.68  21.03  23.66  25.51  26.93  28.07  29.02  29.82  30.50  31.09  31.61  32.06  32.45  32.79  33.09  33.35  33.57  33.76  33.92  34.05  34.15  34.22  34.27  34.30  34.31  34.29  34.26  34.21  34.14  34.05  33.95  33.83  33.70  33.55  33.39  33.22  33.04  32.85  32.64  32.43  32.21  31.98  31.74  31.49  31.24  30.98  30.72  30.45  30.17  29.90  29.61  29.33  29.04  28.75  28.46  28.16  27.87  27.57  27.27  26.97  26.68  26.38  26.08  25.78  25.48  25.18  24.89  24.59  24.30  24.00  23.71  23.41  23.12  22.82  22.53  22.23  21.93  21.63  21.33  21.03  20.72  20.41  20.08  19.76  19.42  19.06  18.70  18.31  17.90  17.46  16.98  16.44  15.84  15.14  14.29  13.21  11.72   9.28   0.00
  0.00  17.17  21.64  24.34  26.25  27.72  28.89  29.86  30.69  31.39  32.00  32.53  32.99  33.40  33.75  34.06  34.32  34.55  34.74  34.90  35.03  35.13  35.20  35.25  35.28  35.28  35.26  35.22  35.17  35.09  35.00  34.89  34.76  34.62  34.46  34.30  34.11  33.92  33.72  33.50  33.27  33.04  32.79  32.54  32.28  32.02  31.74  31.47  31.18  30.89  30.60  30.30  30.00  29.70  29.39  29.09  28.78  28.47  28.15  27.84  27.53  27.22  26.90  26.59  26.28  25.97  25.66  25.34  25.04  24.73  24.42  24.11  23.80  23.50  23.19  22.88  22.58  22.27  21.96  21.65  21.33  21.01  20.69  20.35  20.02  19.67  19.31  18.93  18.53  18.11  17.66  17.17  16.63  16.01  15.30  14.44  13.35  11.84   9.37   0.00
  0.00  17.66  22.27  25.04  27.01  28.52  29.73  30.73  31.57  32.30  32.93  33.47  33.95  34.36  34.72  35.04  35.31  35.54  35.74  35.90  36.03  36.13  36.20  36.25  36.27  36.27  36.25  36.21  36.14  36.06  35.96  35.84  35.71  35.56  35.39  35.21  35.02  34.81  34.60  34.37  34.13  33.88  33.62  33.36  33.09  32.80  32.52  32.22  31.92  31.62  31.31  31.00  30.69  30.37  30.05  29.72  29.40  29.07  28.75  28.42  28.09  27.76  27.43  27.11  26.78  26.45  26.13  25.80  25.48  25.16  24.84  24.52  24.20  23.88  23.56  23.24  22.92  22.60  22.28  21.96  21.63  21.30  20.96  20.62  20.27  19.91  19.54  19.16  18.75  18.32  17.86  17.36  16.81  16.18  15.46  14.59  13.48  11.96   9.46   0.00
  0.00  18.16  22.90  25.76  27.78  29.33  30.58  31.61  32.48  33.23  33.87  34.43  34.92  35.35  35.72  36.04  36.32  36.55  36.75  36.92  37.05  37.15  37.22  37.27  37.29  37.29  37.26  37.21  37.14  37.05  36.94  36.81  36.67  36.51  36.33  36.14  35.94  35.72  35.49  35.25  35.00  34.74  34.47  34.19  33.90  33.60  33.30  32.99  32.68  32.36  32.04  31.71  31.38  31.04  30.71  30.37  30.03  29.69  29.34  29.00  28.66  28.31  27.97  27.63  27.29  26.95  26.61  26.27  25.93  25.59  25.26  24.92  24.59  24.26  23.93  23.60  23.26  22.93  22.60  22.26  21.93  21.59  21.24  20.89  20.53  20.16  19.78  19.38  18.97  18.53  18.06  17.55  16.98  16.35  15.61  14.73  13.61  12.07   9.55   0.00
  0.00  18.67  23.55  26.49  28.57  30.16  31.45  32.51  33.40  34.17  34.83  35.41  35.91  36.35  36.73  37.06  37.35  37.59  37.79  37.96  38.09  38.19  38.27  38.31  38.33  38.32  38.29  38.23  38.15  38.06  37.94  37.80  37.65  37.48  37.29  37.09  36.88  36.65  36.41  36.15  35.89  35.61  35.33  35.03  34.73  34.42  34.10  33.78  33.45  33.11  32.77  32.43  32.08  31.73  31.38  31.02  30.66  30.31  29.95  29.59  29.23  28.87  28.51  28.15  27.80  27.44  27.09  26.73  26.38  26.03  25.68  25.33  24.99  24.64  24.30  23.95  23.61  23.27  22.92  22.57  22.22  21.87  21.52  21.15  20.78  20.40  20.01  19.61  19.18  18.73  18.25  17.73  17.16  16.51  15.77  14.87  13.74  12.18   9.63   0.00
  0.00  19.19  24.21  27.23  29.37  31.01  32.33  33.42  34.35  35.13  35.82  36.41  36.93  37.38  37.77  38.10  38.40  38.64  38.85  39.02  39.15  39.25  39.33  39.37  39.38  39.37  39.33  39.27  39.19  39.08  38.96  38.81  38.65  38.47  38.27  38.06  37.83  37.59  37.34  37.07  36.79  36.50  36.20  35.89  35.57  35.24  34.91  34.57  34.22  33.87  33.52  33.16  32.79  32.43  32.06  31.68  31.31  30.94  30.56  30.19  29.81  29.43  29.06  28.69  28.31  27.94  27.57  27.20  26.84  26.47  26.11  25.75  25.39  25.03  24.67  24.31  23.96  23.60  23.24  22.88  22.52  22.16  21.79  21.42  21.04  20.65  20.25  19.83  19.39  18.93  18.44  17.91  17.33  16.67  15.92  15.01  13.86  12.29   9.72   0.00
  0.00  19.72  24.88  27.99  30.19  31.88  33.24  34.36  35.31  36.12  36.82  37.43  37.96  38.42  38.82  39.17  39.47  39.72  39.93  40.10  40.24  40.34  40.41  40.45  40.46  40.44  40.40  40.33  40.24  40.13  40.00  39.84  39.67  39.48  39.27  39.05  38.81  38.55  38.28  38.00  37.71  37.40  37.09  36.76  36.43  36.09  35.74  35.38  35.02  34.65  34.27  33.90  33.52  33.13  32.75  32.36  31.97  31.57  31.18  30.79  30.40  30.01  29.61  29.22  28.84  28.45  28.06  27.68  27.30  26.92  26.54  26.16  25.79  25.42  25.04  24.67  24.30  23.93  23.56  23.19  22.82  22.45  22.07  21.68  21.29  20.89  20.48  20.05  19.60  19.13  18.63  18.09  17.50  16.83  16.07  15.15  13.99  12.39   9.80   0.00
  0.00  20.27  25.56  28.76  31.02  32.76  34.16  35.31  36.29  37.12  37.84  38.47  39.01  39.49  39.90  40.25  40.56  40.81  41.03  41.20  41.34  41.44  41.51  41.55  41.56  41.53  41.49  41.41  41.32  41.20  41.05  40.89  40.71  40.51  40.29  40.05  39.80  39.53  39.25  38.95  38.64  38.32  37.99  37.65  37.30  36.94  36.57  36.20  35.82  35.44  35.04  34.65  34.25  33.85  33.45  33.04  32.63  32.22  31.81  31.40  30.99  30.58  30.18  29.77  29.36  28.96  28.56  28.16  27.76  27.37  26.97  26.58  26.19  25.81  25.42  25.04  24.65  24.27  23.89  23.50  23.12  22.73  22.34  21.95  21.54  21.13  20.71  20.27  19.81  19.33  18.82  18.27  17.67  16.99  16.21  15.28  14.11  12.50   9.88   0.00
  0.00  20.82  26.26  29.55  31.88  33.66  35.10  36.28  37.29  38.14  38.88  39.53  40.09  40.57  40.99  41.36  41.67  41.93  42.15  42.33  42.47  42.57  42.63  42.67  42.67  42.65  42.60  42.52  42.41  42.28  42.13  41.96  41.77  41.55  41.32  41.07  40.81  40.52  40.23  39.92  39.59  39.26  38.91  38.55  38.19  37.81  37.43  37.04  36.64  36.24  35.83  35.41  35.00  34.58  34.16  33.73  33.31  32.88  32.45  32.02  31.60  31.17  30.75  30.32  29.90  29.48  29.06  28.65  28.23  27.82  27.41  27.01  26.60  26.20  25.80  25.40  25.01  24.61  24.21  23.82  23.42  23.02  22.62  22.21  21.80  21.37  20.94  20.49  20.02  19.53  19.01  18.45  17.84  17.15  16.36  15.42  14.23  12.60   9.96   0.00
  0.00  21.38  26.97  30.35  32.74  34.58  36.05  37.27  38.30  39.19  39.95  40.61  41.18  41.68  42.11  42.48  42.80  43.07  43.29  43.47  43.61  43.71  43.78  43.81  43.81  43.78  43.73  43.64  43.53  43.39  43.23  43.05  42.84  42.62  42.37  42.11  41.83  41.54  41.23  40.90  40.56  40.21  39.85  39.47  39.09  38.70  38.29  37.89  37.47  37.05  36.62  36.19  35.76  35.32  34.88  34.43  33.99  33.55  33.10  32.65  32.21  31.77  31.32  30.88  30.44  30.00  29.57  29.14  28.71  28.28  27.86  27.43  27.01  26.60  26.18  25.77  25.36  24.95  24.54  24.13  23.72  23.31  22.89  22.47  22.05  21.61  21.17  20.71  20.23  19.73  19.20  18.63  18.00  17.30  16.50  15.55  14.35  12.70  10.04   0.00
  0.00  21.96  27.70  31.17  33.63  35.51  37.03  38.28  39.34  40.25  41.03  41.71  42.30  42.81  43.25  43.63  43.96  44.23  44.46  44.64  44.78  44.88  44.95  44.98  44.97  44.94  44.88  44.78  44.66  44.52  44.35  44.15  43.94  43.70  43.45  43.17  42.88  42.57  42.24  41.90  41.55  41.18  40.80  40.41  40.01  39.60  39.18  38.75  38.32  37.88  37.43  36.98  36.53  36.07  35.61  35.15  34.69  34.22  33.76  33.29  32.83  32.37  31.91  31.45  30.99  30.54  30.08  29.63  29.19  28.74  28.30  27.87  27.43  27.00  26.57  26.14  25.72  25.29  24.87  24.45  24.02  23.60  23.17  22.74  22.30  21.86  21.40  20.93  20.44  19.93  19.39  18.80  18.17  17.46  16.65  15.68  14.47  12.80  10.12   0.00
  0.00  22.54  28.44  32.00  34.53  36.46  38.02  39.31  40.40  41.33  42.13  42.83  43.43  43.96  44.41  44.80  45.13  45.41  45.64  45.83  45.97  46.07  46.14  46.16  46.16  46.12  46.05  45.95  45.82  45.66  45.49  45.28  45.05  44.81  44.54  44.25  43.94  43.62  43.27  42.92  42.55  42.16  41.77  41.36  40.94  40.51  40.07  39.63  39.17  38.72  38.25  37.78  37.31  36.83  36.35  35.87  35.39  34.91  34.42  33.94  33.46  32.98  32.50  32.02  31.55  31.07  30.60  30.14  29.67  29.21  28.76  28.30  27.85  27.40  26.96  26.52  26.08  25.64  25.20  24.77  24.33  23.89  23.45  23.01  22.56  22.10  21.63  21.15  20.65  20.13  19.57  18.98  18.33  17.61  16.79  15.81  14.58  12.91  10.19   0.00
  0.00  23.14  29.19  32.85  35.44  37.43  39.03  40.35  41.47  42.43  43.25  43.97  44.59  45.13  45.59  45.99  46.33  46.62  46.85  47.04  47.18  47.28  47.34  47.37  47.36  47.31  47.24  47.13  46.99  46.83  46.64  46.43  46.19  45.93  45.65  45.34  45.02  44.68  44.33  43.95  43.57  43.16  42.75  42.32  41.89  41.44  40.98  40.52  40.05  39.57  39.08  38.60  38.10  37.61  37.11  36.61  36.11  35.60  35.10  34.60  34.10  33.60  33.10  32.60  32.11  31.62  31.13  30.64  30.16  29.69  29.21  28.74  28.27  27.81  27.35  26.89  26.44  25.99  25.54  25.09  24.64  24.18  23.73  23.27  22.81  22.34  21.86  21.37  20.86  20.32  19.76  19.16  18.50  17.77  16.93  15.94  14.70  13.00  10.27   0.00
  0.00  23.74  29.96  33.71  36.37  38.42  40.06  41.42  42.57  43.55  44.39  45.13  45.76  46.31  46.79  47.20  47.55  47.84  48.08  48.27  48.41  48.51  48.57  48.59  48.58  48.53  48.45  48.33  48.19  48.02  47.82  47.59  47.34  47.07  46.77  46.46  46.12  45.77  45.39  45.00  44.60  44.18  43.75  43.30  42.85  42.38  41.91  41.42  40.93  40.43  39.93  39.42  38.91  38.39  37.87  37.35  36.83  36.31  35.78  35.26  34.74  34.22  33.70  33.19  32.68  32.17  31.66  31.16  30.66  30.16  29.67  29.19  28.70  28.22  27.75  27.27  26.80  26.34  25.87  25.41  24.94  24.48  24.01  23.54  23.07  22.59  22.10  21.59  21.07  20.52  19.95  19.33  18.66  17.92  17.07  16.07  14.81  13.10  10.34   0.00
  0.00  24.36  30.73  34.59  37.32  39.42  41.10  42.50  43.68  44.68  45.55  46.30  46.96  47.52  48.01  48.43  48.78  49.08  49.32  49.52  49.66  49.76  49.82  49.84  49.82  49.77  49.68  49.56  49.40  49.22  49.01  48.78  48.51  48.23  47.92  47.59  47.24  46.87  46.48  46.07  45.65  45.21  44.76  44.30  43.82  43.34  42.84  42.34  41.83  41.31  40.79  40.26  39.72  39.19  38.65  38.11  37.56  37.02  36.48  35.94  35.40  34.86  34.32  33.78  33.25  32.72  32.20  31.68  31.16  30.65  30.14  29.64  29.14  28.64  28.15  27.66  27.17  26.69  26.21  25.73  25.25  24.78  24.30  23.81  23.33  22.83  22.33  21.81  21.28  20.72  20.13  19.51  18.83  18.07  17.21  16.20  14.93  13.20  10.42   0.00
  0.00  24.98  31.52  35.47  38.28  40.43  42.16  43.60  44.80  45.84  46.73  47.50  48.17  48.75  49.25  49.68  50.04  50.34  50.59  50.79  50.93  51.03  51.09  51.11  51.08  51.02  50.93  50.80  50.64  50.45  50.23  49.98  49.70  49.40  49.08  48.74  48.37  47.98  47.58  47.15  46.71  46.26  45.79  45.31  44.81  44.31  43.79  43.27  42.74  42.20  41.66  41.11  40.55  39.99  39.43  38.87  38.31  37.74  37.18  36.62  36.06  35.50  34.94  34.39  33.83  33.29  32.74  32.20  31.67  31.14  30.61  30.09  29.57  29.06  28.55  28.04  27.54  27.05  26.55  26.06  25.57  25.07  24.58  24.08  23.58  23.08  22.56  22.03  21.49  20.92  20.32  19.68  18.99  18.22  17.35  16.32  15.04  13.30  10.49   0.00
  0.00  25.61  32.32  36.38  39.25  41.46  43.24  44.71  45.95  47.01  47.92  48.72  49.40  49.99  50.51  50.94  51.31  51.62  51.87  52.07  52.22  52.32  52.38  52.39  52.36  52.30  52.19  52.06  51.89  51.69  51.46  51.20  50.91  50.60  50.26  49.90  49.52  49.11  48.69  48.25  47.79  47.32  46.83  46.33  45.82  45.29  44.76  44.21  43.66  43.10  42.54  41.97  41.39  40.81  40.23  39.65  39.06  38.48  37.89  37.31  36.73  36.15  35.57  34.99  34.42  33.85  33.29  32.73  32.18  31.63  31.08  30.55  30.01  29.48  28.96  28.43  27.92  27.40  26.89  26.39  25.88  25.37  24.87  24.36  23.84  23.32  22.79  22.25  21.70  21.12  20.51  19.86  19.15  18.38  17.49  16.45  15.16  13.40  10.57   0.00
  0.00  26.26  33.13  37.29  40.24  42.51  44.33  45.84  47.11  48.20  49.13  49.95  50.65  51.26  51.78  52.23  52.61  52.92  53.18  53.38  53.53  53.63  53.68  53.69  53.66  53.59  53.48  53.33  53.16  52.94  52.70  52.43  52.13  51.80  51.45  51.08  50.68  50.26  49.82  49.36  48.89  48.40  47.89  47.37  46.83  46.29  45.73  45.17  44.59  44.01  43.43  42.83  42.24  41.64  41.03  40.43  39.82  39.22  38.61  38.01  37.40  36.80  36.20  35.61  35.02  34.43  33.85  33.27  32.69  32.13  31.56  31.01  30.45  29.91  29.36  28.83  28.29  27.76  27.24  26.72  26.19  25.67  25.15  24.63  24.10  23.57  23.03  22.48  21.91  21.31  20.69  20.03  19.32  18.53  17.63  16.58  15.27  13.49  10.64   0.00
  0.00  26.91  33.95  38.22  41.24  43.57  45.43  46.98  48.29  49.40  50.36  51.19  51.91  52.54  53.07  53.53  53.92  54.24  54.50  54.70  54.85  54.95  55.00  55.01  54.97  54.89  54.78  54.63  54.44  54.22  53.96  53.68  53.37  53.03  52.66  52.27  51.86  51.42  50.96  50.49  49.99  49.48  48.96  48.42  47.86  47.30  46.72  46.13  45.54  44.94  44.33  43.71  43.09  42.47  41.85  41.22  40.59  39.96  39.34  38.71  38.09  37.46  36.84  36.23  35.62  35.01  34.41  33.81  33.22  32.63  32.05  31.47  30.90  30.34  29.78  29.22  28.67  28.13  27.59  27.05  26.51  25.98  25.44  24.90  24.36  23.82  23.26  22.70  22.11  21.51  20.88  20.20  19.48  18.68  17.77  16.70  15.38  13.59  10.71   0.00
  0.00  27.56  34.79  39.16  42.26  44.64  46.55  48.14  49.47  50.62  51.60  52.45  53.19  53.83  54.38  54.84  55.24  55.57  55.83  56.04  56.19  56.29  56.34  56.34  56.30  56.22  56.10  55.93  55.74  55.51  55.24  54.95  54.62  54.27  53.88  53.48  53.05  52.59  52.12  51.63  51.11  50.58  50.04  49.48  48.90  48.32  47.72  47.11  46.49  45.87  45.24  44.60  43.96  43.32  42.67  42.02  41.37  40.72  40.07  39.42  38.77  38.13  37.49  36.85  36.22  35.59  34.97  34.35  33.74  33.13  32.53  31.94  31.35  30.77  30.19  29.62  29.05  28.49  27.93  27.38  26.83  26.28  25.73  25.18  24.62  24.07  23.50  22.92  22.32  21.71  21.06  20.38  19.64  18.83  17.91  16.83  15.49  13.68  10.78   0.00
  0.00  28.23  35.63  40.10  43.28  45.72  47.68  49.31  50.68  51.85  52.86  53.73  54.48  55.14  55.70  56.18  56.58  56.91  57.18  57.39  57.54  57.64  57.69  57.69  57.64  57.55  57.43  57.26  57.05  56.81  56.53  56.22  55.89  55.52  55.12  54.70  54.25  53.78  53.29  52.78  52.24  51.69  51.13  50.55  49.95  49.34  48.72  48.10  47.46  46.81  46.16  45.50  44.84  44.17  43.50  42.83  42.15  41.48  40.81  40.14  39.47  38.80  38.14  37.48  36.83  36.18  35.54  34.90  34.27  33.64  33.02  32.41  31.80  31.20  30.61  30.02  29.44  28.86  28.28  27.71  27.15  26.58  26.02  25.45  24.89  24.31  23.73  23.14  22.53  21.91  21.25  20.55  19.80  18.98  18.05  16.95  15.60  13.78  10.86   0.00
  0.00  28.90  36.48  41.06  44.31  46.81  48.82  50.49  51.89  53.09  54.12  55.02  55.79  56.46  57.03  57.52  57.93  58.27  58.54  58.75  58.91  59.01  59.05  59.05  59.00  58.90  58.77  58.59  58.38  58.12  57.84  57.51  57.16  56.78  56.37  55.93  55.47  54.98  54.47  53.94  53.39  52.82  52.23  51.63  51.01  50.38  49.74  49.09  48.43  47.76  47.08  46.40  45.72  45.03  44.33  43.64  42.94  42.25  41.55  40.86  40.17  39.48  38.80  38.12  37.44  36.77  36.11  35.45  34.80  34.15  33.52  32.88  32.26  31.64  31.03  30.42  29.82  29.22  28.63  28.05  27.47  26.89  26.31  25.73  25.15  24.56  23.97  23.36  22.74  22.10  21.43  20.72  19.96  19.13  18.18  17.08  15.71  13.87  10.93   0.00
  0.00  29.58  37.33  42.03  45.36  47.92  49.98  51.68  53.12  54.35  55.40  56.32  57.11  57.79  58.38  58.87  59.29  59.64  59.92  60.13  60.29  60.38  60.43  60.42  60.37  60.27  60.12  59.94  59.71  59.45  59.15  58.82  58.45  58.05  57.63  57.17  56.69  56.19  55.66  55.11  54.54  53.95  53.34  52.72  52.08  51.43  50.77  50.09  49.41  48.72  48.02  47.31  46.60  45.89  45.18  44.46  43.74  43.02  42.30  41.59  40.88  40.17  39.46  38.76  38.06  37.37  36.69  36.01  35.33  34.67  34.01  33.36  32.71  32.08  31.45  30.82  30.20  29.59  28.99  28.39  27.79  27.19  26.60  26.01  25.41  24.81  24.20  23.59  22.95  22.30  21.62  20.90  20.12  19.27  18.32  17.20  15.82  13.96  11.00   0.00
  0.00  30.26  38.20  43.00  46.41  49.03  51.14  52.88  54.35  55.61  56.69  57.63  58.44  59.13  59.73  60.24  60.67  61.02  61.30  61.52  61.67  61.77  61.81  61.80  61.75  61.64  61.49  61.29  61.06  60.79  60.47  60.13  59.75  59.34  58.89  58.42  57.93  57.40  56.86  56.29  55.70  55.09  54.46  53.81  53.15  52.48  51.80  51.10  50.39  49.68  48.96  48.23  47.50  46.76  46.02  45.28  44.54  43.80  43.06  42.32  41.58  40.85  40.12  39.40  38.68  37.97  37.26  36.56  35.87  35.18  34.51  33.84  33.17  32.52  31.87  31.23  30.59  29.96  29.34  28.72  28.11  27.50  26.89  26.28  25.67  25.06  24.44  23.81  23.16  22.50  21.80  21.07  20.28  19.42  18.45  17.32  15.93  14.05  11.07   0.00
  0.00  30.95  39.06  43.98  47.47  50.15  52.30  54.09  55.60  56.88  57.99  58.95  59.77  60.48  61.10  61.62  62.05  62.41  62.70  62.92  63.07  63.17  63.21  63.20  63.13  63.02  62.86  62.66  62.41  62.13  61.81  61.45  61.05  60.63  60.17  59.68  59.17  58.63  58.06  57.47  56.86  56.23  55.58  54.92  54.24  53.54  52.83  52.12  51.39  50.65  49.90  49.15  48.40  47.64  46.87  46.11  45.35  44.58  43.82  43.06  42.30  41.54  40.79  40.05  39.31  38.57  37.84  37.12  36.41  35.70  35.00  34.31  33.63  32.96  32.29  31.63  30.98  30.33  29.69  29.06  28.43  27.80  27.18  26.56  25.93  25.31  24.67  24.03  23.37  22.69  21.98  21.24  20.44  19.57  18.59  17.44  16.04  14.15  11.14   0.00
  0.00  31.64  39.94  44.96  48.53  51.27  53.48  55.31  56.85  58.16  59.29  60.27  61.12  61.84  62.47  63.00  63.44  63.81  64.10  64.32  64.48  64.58  64.61  64.60  64.53  64.41  64.24  64.03  63.78  63.48  63.15  62.77  62.37  61.92  61.45  60.95  60.42  59.86  59.27  58.66  58.03  57.38  56.71  56.03  55.32  54.61  53.88  53.13  52.38  51.62  50.85  50.08  49.30  48.52  47.73  46.94  46.15  45.37  44.58  43.79  43.01  42.23  41.46  40.69  39.93  39.17  38.43  37.68  36.95  36.22  35.50  34.79  34.09  33.40  32.71  32.04  31.37  30.70  30.05  29.40  28.75  28.11  27.47  26.83  26.19  25.55  24.91  24.25  23.58  22.89  22.17  21.41  20.60  19.71  18.72  17.57  16.14  14.24  11.21   0.00
  0.00  32.33  40.81  45.95  49.60  52.40  54.66  56.53  58.10  59.45  60.60  61.60  62.47  63.21  63.85  64.39  64.84  65.21  65.51  65.73  65.89  65.99  66.02  66.00  65.93  65.80  65.63  65.41  65.15  64.84  64.49  64.11  63.68  63.23  62.74  62.22  61.67  61.09  60.49  59.86  59.21  58.54  57.85  57.14  56.41  55.67  54.92  54.16  53.38  52.60  51.81  51.01  50.20  49.40  48.59  47.78  46.96  46.15  45.34  44.53  43.73  42.93  42.13  41.34  40.56  39.78  39.01  38.24  37.49  36.74  36.00  35.27  34.55  33.84  33.14  32.44  31.75  31.07  30.40  29.73  29.07  28.41  27.76  27.11  26.45  25.80  25.14  24.47  23.78  23.08  22.35  21.58  20.76  19.86  18.85  17.68  16.25  14.33  11.27   0.00
  0.00  33.03  41.69  46.94  50.67  53.54  55.84  57.75  59.36  60.73  61.92  62.94  63.82  64.58  65.23  65.78  66.24  66.62  66.92  67.15  67.31  67.40  67.44  67.41  67.33  67.20  67.02  66.79  66.52  66.20  65.84  65.44  65.01  64.53  64.03  63.49  62.92  62.33  61.71  61.06  60.39  59.70  58.98  58.25  57.51  56.74  55.97  55.18  54.38  53.58  52.76  51.94  51.11  50.28  49.45  48.61  47.77  46.94  46.10  45.27  44.45  43.62  42.80  41.99  41.18  40.38  39.59  38.81  38.03  37.26  36.50  35.75  35.01  34.28  33.56  32.84  32.14  31.44  30.75  30.07  29.39  28.72  28.05  27.38  26.71  26.04  25.37  24.69  23.99  23.27  22.53  21.75  20.91  20.00  18.98  17.80  16.35  14.41  11.34   0.00
  0.00  33.72  42.58  47.94  51.75  54.67  57.03  58.98  60.62  62.02  63.23  64.27  65.17  65.95  66.61  67.17  67.64  68.03  68.33  68.56  68.72  68.82  68.85  68.82  68.74  68.60  68.41  68.18  67.89  67.56  67.19  66.78  66.33  65.84  65.32  64.77  64.18  63.57  62.93  62.26  61.57  60.85  60.12  59.37  58.60  57.82  57.02  56.21  55.39  54.55  53.71  52.87  52.02  51.16  50.30  49.45  48.59  47.73  46.87  46.01  45.16  44.31  43.47  42.64  41.81  40.99  40.17  39.37  38.57  37.78  37.00  36.23  35.47  34.72  33.98  33.25  32.52  31.81  31.10  30.40  29.71  29.02  28.34  27.65  26.97  26.29  25.60  24.90  24.19  23.46  22.71  21.91  21.07  20.14  19.11  17.92  16.46  14.50  11.40   0.00
  0.00  34.42  43.46  48.93  52.82  55.81  58.21  60.20  61.88  63.31  64.55  65.61  66.53  67.32  68.00  68.57  69.05  69.44  69.75  69.98  70.14  70.24  70.27  70.24  70.15  70.00  69.81  69.56  69.27  68.93  68.54  68.12  67.65  67.15  66.61  66.04  65.44  64.81  64.14  63.46  62.75  62.01  61.26  60.49  59.69  58.89  58.07  57.23  56.39  55.53  54.67  53.80  52.92  52.04  51.16  50.28  49.40  48.51  47.63  46.75  45.88  45.01  44.14  43.28  42.43  41.59  40.75  39.92  39.11  38.30  37.50  36.71  35.93  35.16  34.40  33.65  32.91  32.17  31.45  30.73  30.02  29.32  28.62  27.92  27.23  26.53  25.83  25.12  24.39  23.65  22.88  22.08  21.22  20.28  19.24  18.03  16.56  14.59  11.47   0.00
  0.00  35.12  44.34  49.92  53.89  56.94  59.40  61.43  63.14  64.60  65.86  66.95  67.88  68.69  69.38  69.96  70.45  70.85  71.16  71.40  71.56  71.65  71.68  71.65  71.55  71.40  71.20  70.94  70.64  70.29  69.89  69.45  68.97  68.45  67.90  67.31  66.69  66.04  65.36  64.66  63.92  63.17  62.39  61.60  60.79  59.96  59.11  58.25  57.39  56.51  55.62  54.73  53.83  52.92  52.02  51.11  50.20  49.30  48.39  47.49  46.59  45.70  44.81  43.93  43.05  42.19  41.33  40.48  39.64  38.81  37.99  37.18  36.38  35.59  34.82  34.05  33.29  32.54  31.80  31.06  30.34  29.62  28.90  28.19  27.48  26.77  26.05  25.33  24.59  23.84  23.06  22.24  21.37  20.42  19.37  18.15  16.66  14.67  11.53   0.00
  0.00  35.81  45.21  50.91  54.96  58.07  60.58  62.65  64.40  65.89  67.17  68.28  69.23  70.05  70.76  71.35  71.85  72.25  72.57  72.81  72.97  73.06  73.09  73.05  72.95  72.80  72.58  72.32  72.00  71.64  71.23  70.78  70.29  69.76  69.19  68.58  67.94  67.27  66.58  65.85  65.10  64.32  63.53  62.71  61.87  61.02  60.15  59.27  58.38  57.48  56.57  55.65  54.73  53.80  52.87  51.94  51.01  50.08  49.15  48.22  47.30  46.38  45.47  44.57  43.67  42.78  41.91  41.04  40.17  39.32  38.48  37.65  36.84  36.03  35.23  34.44  33.67  32.90  32.14  31.39  30.65  29.91  29.18  28.46  27.73  27.01  26.28  25.54  24.79  24.02  23.23  22.40  21.52  20.56  19.49  18.26  16.76  14.75  11.60   0.00
  0.00  36.50  46.09  51.90  56.02  59.20  61.75  63.86  65.65  67.17  68.48  69.60  70.58  71.41  72.13  72.73  73.24  73.65  73.97  74.21  74.38  74.47  74.49  74.45  74.35  74.18  73.96  73.69  73.37  72.99  72.57  72.11  71.60  71.05  70.47  69.84  69.19  68.50  67.78  67.04  66.27  65.47  64.65  63.81  62.95  62.08  61.19  60.29  59.37  58.44  57.51  56.57  55.62  54.67  53.72  52.76  51.81  50.85  49.90  48.95  48.01  47.07  46.13  45.21  44.29  43.38  42.48  41.58  40.70  39.83  38.97  38.12  37.28  36.46  35.64  34.83  34.04  33.26  32.48  31.71  30.96  30.21  29.46  28.72  27.98  27.24  26.50  25.75  24.99  24.21  23.40  22.56  21.66  20.69  19.61  18.37  16.85  14.83  11.66   0.00
  0.00  37.19  46.96  52.87  57.08  60.32  62.92  65.07  66.89  68.44  69.77  70.92  71.91  72.77  73.49  74.11  74.62  75.04  75.36  75.61  75.77  75.87  75.89  75.84  75.73  75.56  75.34  75.05  74.72  74.33  73.90  73.42  72.90  72.34  71.74  71.10  70.43  69.72  68.98  68.22  67.43  66.61  65.77  64.91  64.03  63.13  62.22  61.29  60.35  59.40  58.45  57.48  56.51  55.54  54.56  53.58  52.60  51.62  50.65  49.67  48.71  47.74  46.79  45.84  44.90  43.96  43.04  42.13  41.23  40.33  39.45  38.59  37.73  36.88  36.05  35.22  34.41  33.61  32.82  32.03  31.26  30.49  29.73  28.98  28.22  27.47  26.71  25.95  25.18  24.38  23.57  22.71  21.80  20.82  19.73  18.48  16.95  14.91  11.72   0.00
  0.00  37.87  47.82  53.85  58.13  61.43  64.08  66.27  68.12  69.70  71.06  72.23  73.24  74.11  74.85  75.47  75.99  76.41  76.75  76.99  77.16  77.25  77.27  77.22  77.11  76.93  76.70  76.41  76.06  75.67  75.22  74.73  74.19  73.62  73.00  72.34  71.65  70.93  70.17  69.39  68.58  67.74  66.88  66.00  65.09  64.17  63.24  62.29  61.33  60.36  59.37  58.39  57.39  56.39  55.39  54.39  53.39  52.38  51.38  50.39  49.40  48.41  47.43  46.46  45.50  44.55  43.60  42.67  41.74  40.83  39.93  39.04  38.17  37.30  36.45  35.61  34.78  33.96  33.15  32.35  31.56  30.78  30.00  29.23  28.47  27.70  26.93  26.15  25.36  24.56  23.73  22.86  21.94  20.95  19.85  18.58  17.04  14.99  11.77   0.00
  0.00  38.55  48.67  54.81  59.17  62.53  65.22  67.46  69.34  70.95  72.33  73.53  74.55  75.43  76.19  76.82  77.35  77.78  78.12  78.37  78.53  78.62  78.64  78.59  78.47  78.29  78.05  77.75  77.39  76.98  76.53  76.02  75.47  74.88  74.25  73.58  72.87  72.13  71.35  70.55  69.71  68.86  67.98  67.07  66.15  65.21  64.25  63.28  62.29  61.30  60.29  59.28  58.26  57.24  56.22  55.19  54.16  53.14  52.12  51.10  50.08  49.07  48.07  47.08  46.10  45.12  44.15  43.20  42.26  41.32  40.40  39.49  38.60  37.72  36.84  35.98  35.14  34.30  33.48  32.66  31.86  31.06  30.27  29.48  28.70  27.92  27.14  26.35  25.55  24.73  23.89  23.01  22.08  21.08  19.96  18.68  17.13  15.07  11.83   0.00
  0.00  39.21  49.51  55.76  60.20  63.61  66.36  68.63  70.55  72.19  73.59  74.81  75.85  76.75  77.51  78.16  78.69  79.13  79.47  79.72  79.89  79.98  79.99  79.94  79.82  79.63  79.38  79.07  78.70  78.29  77.82  77.30  76.74  76.13  75.48  74.79  74.07  73.31  72.51  71.69  70.84  69.96  69.06  68.13  67.19  66.23  65.25  64.25  63.24  62.23  61.20  60.16  59.12  58.08  57.03  55.98  54.93  53.88  52.84  51.79  50.76  49.73  48.70  47.69  46.68  45.69  44.70  43.72  42.76  41.81  40.87  39.94  39.02  38.12  37.23  36.36  35.49  34.64  33.80  32.97  32.15  31.33  30.53  29.73  28.93  28.14  27.34  26.54  25.73  24.90  24.05  23.16  22.21  21.20  20.07  18.78  17.21  15.14  11.88   0.00
  0.00  39.87  50.35  56.70  61.21  64.68  67.48  69.79  71.74  73.41  74.84  76.07  77.13  78.04  78.82  79.48  80.02  80.46  80.80  81.06  81.23  81.32  81.33  81.27  81.14  80.95  80.69  80.37  80.00  79.57  79.09  78.56  77.98  77.36  76.70  75.99  75.25  74.47  73.66  72.82  71.95  71.05  70.13  69.18  68.22  67.23  66.23  65.21  64.18  63.14  62.09  61.03  59.97  58.90  57.83  56.76  55.68  54.61  53.55  52.48  51.42  50.37  49.33  48.29  47.26  46.24  45.23  44.24  43.25  42.28  41.32  40.38  39.44  38.52  37.61  36.72  35.84  34.97  34.11  33.27  32.43  31.60  30.78  29.97  29.16  28.35  27.54  26.73  25.90  25.06  24.20  23.30  22.34  21.32  20.18  18.88  17.30  15.21  11.94   0.00
  0.00  40.52  51.17  57.62  62.21  65.74  68.58  70.93  72.91  74.61  76.06  77.31  78.39  79.32  80.11  80.77  81.32  81.77  82.12  82.38  82.55  82.63  82.65  82.58  82.45  82.25  81.98  81.66  81.27  80.84  80.34  79.80  79.21  78.57  77.89  77.17  76.41  75.62  74.79  73.93  73.04  72.12  71.18  70.21  69.22  68.22  67.19  66.16  65.10  64.04  62.97  61.89  60.80  59.71  58.62  57.52  56.43  55.33  54.24  53.16  52.08  51.00  49.93  48.88  47.83  46.79  45.76  44.74  43.74  42.75  41.77  40.80  39.85  38.91  37.99  37.08  36.18  35.29  34.42  33.56  32.71  31.86  31.03  30.20  29.38  28.56  27.74  26.91  26.08  25.22  24.35  23.43  22.47  21.43  20.29  18.97  17.38  15.28  11.99   0.00
  0.00  41.15  51.97  58.53  63.19  66.78  69.66  72.05  74.06  75.78  77.26  78.53  79.63  80.57  81.37  82.04  82.60  83.06  83.41  83.67  83.84  83.93  83.94  83.87  83.73  83.52  83.25  82.92  82.53  82.08  81.57  81.02  80.41  79.76  79.07  78.33  77.56  76.75  75.90  75.02  74.11  73.17  72.21  71.22  70.21  69.19  68.14  67.08  66.01  64.92  63.83  62.73  61.62  60.50  59.39  58.27  57.15  56.04  54.93  53.82  52.71  51.62  50.53  49.45  48.38  47.32  46.27  45.24  44.21  43.20  42.21  41.22  40.25  39.30  38.35  37.43  36.51  35.61  34.72  33.84  32.98  32.12  31.27  30.43  29.60  28.76  27.93  27.09  26.24  25.38  24.49  23.57  22.59  21.54  20.39  19.06  17.46  15.34  12.04   0.00
  0.00  41.78  52.76  59.41  64.15  67.79  70.72  73.15  75.19  76.94  78.44  79.73  80.84  81.79  82.61  83.29  83.86  84.32  84.67  84.93  85.11  85.19  85.20  85.13  84.99  84.77  84.50  84.15  83.75  83.29  82.78  82.21  81.59  80.93  80.22  79.47  78.68  77.85  76.98  76.08  75.16  74.20  73.22  72.21  71.18  70.14  69.07  67.99  66.89  65.79  64.67  63.55  62.41  61.28  60.14  59.00  57.86  56.73  55.59  54.46  53.34  52.22  51.11  50.01  48.92  47.84  46.78  45.72  44.68  43.65  42.63  41.63  40.64  39.67  38.71  37.76  36.83  35.92  35.01  34.12  33.24  32.37  31.51  30.65  29.80  28.96  28.11  27.26  26.40  25.52  24.63  23.69  22.71  21.65  20.48  19.14  17.53  15.40  12.08   0.00
  0.00  42.39  53.53  60.28  65.09  68.78  71.75  74.22  76.29  78.06  79.58  80.89  82.02  82.99  83.81  84.51  85.08  85.55  85.91  86.17  86.34  86.43  86.43  86.36  86.21  86.00  85.71  85.36  84.95  84.48  83.95  83.37  82.74  82.06  81.34  80.57  79.77  78.92  78.04  77.13  76.18  75.20  74.20  73.18  72.13  71.06  69.97  68.87  67.76  66.63  65.49  64.34  63.19  62.04  60.88  59.72  58.56  57.40  56.24  55.09  53.95  52.81  51.68  50.56  49.45  48.35  47.26  46.19  45.13  44.08  43.04  42.02  41.02  40.03  39.05  38.09  37.15  36.21  35.29  34.39  33.49  32.61  31.73  30.86  30.00  29.14  28.29  27.42  26.55  25.67  24.76  23.81  22.82  21.75  20.57  19.23  17.60  15.46  12.12   0.00
  0.00  42.98  54.27  61.13  66.00  69.75  72.76  75.26  77.36  79.16  80.70  82.03  83.18  84.16  84.99  85.69  86.28  86.74  87.11  87.37  87.55  87.63  87.64  87.56  87.41  87.18  86.89  86.53  86.11  85.63  85.10  84.51  83.86  83.17  82.43  81.65  80.83  79.97  79.07  78.14  77.17  76.18  75.16  74.11  73.05  71.96  70.85  69.73  68.59  67.45  66.29  65.12  63.95  62.77  61.59  60.41  59.23  58.05  56.87  55.70  54.54  53.38  52.23  51.09  49.96  48.84  47.73  46.64  45.56  44.50  43.44  42.41  41.38  40.38  39.39  38.41  37.45  36.50  35.56  34.64  33.73  32.84  31.95  31.07  30.20  29.33  28.46  27.58  26.70  25.80  24.88  23.93  22.92  21.85  20.66  19.30  17.67  15.52  12.17   0.00
  0.00  43.55  55.00  61.94  66.88  70.68  73.74  76.27  78.40  80.23  81.79  83.14  84.29  85.29  86.13  86.85  87.43  87.91  88.28  88.54  88.72  88.80  88.80  88.72  88.57  88.34  88.04  87.67  87.24  86.75  86.21  85.60  84.95  84.25  83.49  82.70  81.86  80.98  80.07  79.12  78.14  77.13  76.09  75.02  73.94  72.83  71.71  70.56  69.41  68.24  67.06  65.87  64.68  63.48  62.28  61.08  59.88  58.68  57.48  56.29  55.11  53.93  52.76  51.60  50.45  49.32  48.19  47.08  45.98  44.90  43.83  42.78  41.74  40.71  39.71  38.71  37.74  36.77  35.83  34.89  33.97  33.06  32.16  31.26  30.38  29.50  28.62  27.73  26.84  25.93  25.00  24.04  23.02  21.94  20.74  19.37  17.73  15.57  12.20   0.00
  0.00  44.11  55.70  62.74  67.74  71.59  74.69  77.25  79.41  81.26  82.84  84.20  85.38  86.38  87.24  87.96  88.55  89.03  89.40  89.67  89.85  89.93  89.93  89.85  89.69  89.45  89.15  88.77  88.34  87.84  87.28  86.67  86.00  85.28  84.52  83.71  82.86  81.96  81.03  80.07  79.07  78.04  76.99  75.90  74.80  73.67  72.53  71.37  70.19  69.00  67.81  66.60  65.39  64.17  62.95  61.73  60.50  59.29  58.07  56.86  55.66  54.46  53.27  52.09  50.93  49.77  48.63  47.50  46.38  45.28  44.20  43.13  42.07  41.04  40.01  39.01  38.01  37.04  36.07  35.13  34.19  33.27  32.35  31.45  30.55  29.66  28.77  27.87  26.97  26.05  25.11  24.14  23.12  22.02  20.81  19.44  17.79  15.62  12.24   0.00
  0.00  44.64  56.38  63.50  68.57  72.46  75.60  78.19  80.38  82.25  83.85  85.23  86.42  87.44  88.30  89.03  89.63  90.12  90.49  90.76  90.94  91.02  91.02  90.93  90.77  90.53  90.21  89.83  89.39  88.88  88.31  87.69  87.01  86.28  85.50  84.68  83.81  82.91  81.96  80.98  79.97  78.92  77.85  76.75  75.63  74.48  73.32  72.14  70.95  69.74  68.52  67.30  66.06  64.83  63.59  62.35  61.11  59.87  58.63  57.40  56.18  54.97  53.76  52.57  51.38  50.21  49.05  47.90  46.77  45.65  44.55  43.47  42.40  41.34  40.30  39.28  38.28  37.29  36.31  35.35  34.40  33.47  32.54  31.63  30.72  29.81  28.91  28.01  27.09  26.17  25.22  24.24  23.20  22.10  20.88  19.50  17.84  15.66  12.27   0.00
  0.00  45.16  57.03  64.23  69.36  73.30  76.47  79.10  81.31  83.20  84.82  86.22  87.42  88.45  89.32  90.06  90.67  91.15  91.53  91.81  91.98  92.06  92.06  91.97  91.80  91.56  91.24  90.85  90.40  89.88  89.30  88.67  87.98  87.24  86.45  85.61  84.73  83.81  82.85  81.85  80.82  79.76  78.67  77.56  76.42  75.26  74.08  72.88  71.67  70.44  69.21  67.96  66.71  65.46  64.20  62.94  61.68  60.42  59.17  57.92  56.68  55.45  54.23  53.01  51.81  50.62  49.45  48.28  47.14  46.00  44.89  43.79  42.70  41.63  40.58  39.55  38.53  37.52  36.53  35.56  34.60  33.65  32.72  31.79  30.87  29.96  29.04  28.13  27.21  26.27  25.31  24.32  23.28  22.17  20.95  19.56  17.89  15.70  12.30   0.00
  0.00  45.65  57.65  64.93  70.11  74.10  77.30  79.96  82.20  84.11  85.75  87.16  88.37  89.41  90.30  91.04  91.65  92.15  92.53  92.80  92.98  93.06  93.05  92.96  92.79  92.54  92.21  91.82  91.36  90.83  90.25  89.60  88.90  88.15  87.35  86.50  85.61  84.67  83.70  82.69  81.64  80.57  79.46  78.33  77.17  75.99  74.80  73.58  72.35  71.11  69.86  68.60  67.33  66.05  64.78  63.50  62.23  60.95  59.68  58.42  57.16  55.91  54.67  53.44  52.22  51.02  49.82  48.65  47.48  46.34  45.20  44.09  42.99  41.91  40.84  39.79  38.76  37.74  36.74  35.76  34.79  33.83  32.88  31.94  31.01  30.09  29.17  28.24  27.31  26.37  25.40  24.40  23.36  22.23  21.01  19.61  17.93  15.73  12.32   0.00
  0.00  46.11  58.24  65.59  70.83  74.85  78.09  80.78  83.04  84.97  86.63  88.05  89.28  90.33  91.22  91.97  92.59  93.09  93.47  93.75  93.92  94.00  94.00  93.90  93.72  93.47  93.14  92.74  92.27  91.74  91.14  90.49  89.78  89.02  88.20  87.34  86.44  85.49  84.50  83.48  82.42  81.33  80.20  79.06  77.89  76.69  75.48  74.25  73.00  71.74  70.47  69.19  67.91  66.62  65.33  64.03  62.74  61.45  60.16  58.88  57.61  56.34  55.09  53.84  52.61  51.39  50.18  48.99  47.81  46.65  45.50  44.37  43.26  42.16  41.08  40.02  38.98  37.95  36.94  35.94  34.96  33.99  33.03  32.08  31.14  30.21  29.28  28.35  27.41  26.46  25.48  24.47  23.42  22.29  21.05  19.65  17.96  15.76  12.34   0.00
  0.00  46.55  58.79  66.22  71.50  75.57  78.84  81.55  83.83  85.78  87.45  88.89  90.13  91.19  92.09  92.85  93.47  93.97  94.36  94.64  94.81  94.89  94.88  94.79  94.61  94.35  94.01  93.61  93.13  92.59  91.99  91.32  90.60  89.83  89.01  88.13  87.22  86.26  85.26  84.22  83.14  82.04  80.90  79.74  78.56  77.35  76.12  74.87  73.61  72.34  71.05  69.76  68.45  67.15  65.84  64.53  63.22  61.92  60.61  59.32  58.03  56.75  55.47  54.21  52.97  51.73  50.51  49.30  48.11  46.93  45.77  44.63  43.51  42.40  41.31  40.23  39.18  38.14  37.12  36.11  35.11  34.14  33.17  32.21  31.26  30.32  29.38  28.44  27.49  26.53  25.55  24.54  23.47  22.34  21.10  19.69  17.99  15.78  12.36   0.00
  0.00  46.96  59.31  66.80  72.13  76.24  79.54  82.27  84.58  86.54  88.23  89.68  90.93  92.00  92.91  93.67  94.30  94.80  95.19  95.47  95.65  95.73  95.71  95.61  95.43  95.17  94.83  94.42  93.93  93.39  92.77  92.10  91.37  90.59  89.76  88.87  87.94  86.97  85.96  84.91  83.82  82.70  81.56  80.38  79.18  77.96  76.71  75.45  74.18  72.89  71.59  70.28  68.96  67.64  66.32  64.99  63.67  62.35  61.03  59.72  58.41  57.12  55.83  54.56  53.30  52.05  50.81  49.59  48.39  47.20  46.02  44.87  43.73  42.61  41.51  40.43  39.36  38.31  37.28  36.26  35.26  34.27  33.29  32.32  31.37  30.42  29.47  28.52  27.57  26.60  25.61  24.59  23.52  22.38  21.13  19.71  18.02  15.80  12.37   0.00
  0.00  47.34  59.79  67.34  72.72  76.85  80.18  82.94  85.26  87.24  88.94  90.41  91.67  92.75  93.66  94.43  95.06  95.57  95.96  96.24  96.42  96.50  96.48  96.38  96.19  95.93  95.58  95.16  94.68  94.12  93.50  92.82  92.09  91.29  90.45  89.56  88.62  87.63  86.61  85.55  84.45  83.32  82.16  80.97  79.76  78.52  77.26  75.99  74.70  73.39  72.08  70.76  69.43  68.09  66.75  65.41  64.08  62.74  61.41  60.09  58.77  57.46  56.16  54.87  53.60  52.33  51.09  49.85  48.64  47.44  46.25  45.09  43.94  42.81  41.69  40.60  39.52  38.46  37.42  36.39  35.38  34.38  33.40  32.42  31.46  30.50  29.54  28.59  27.63  26.65  25.66  24.63  23.56  22.41  21.16  19.74  18.03  15.81  12.38   0.00
  0.00  47.69  60.23  67.84  73.25  77.42  80.77  83.55  85.89  87.89  89.60  91.08  92.34  93.43  94.35  95.12  95.76  96.27  96.66  96.95  97.12  97.20  97.19  97.08  96.89  96.62  96.27  95.85  95.36  94.79  94.17  93.48  92.74  91.94  91.08  90.18  89.23  88.24  87.20  86.13  85.02  83.88  82.71  81.51  80.28  79.03  77.76  76.47  75.17  73.85  72.53  71.19  69.85  68.50  67.15  65.80  64.45  63.10  61.75  60.42  59.09  57.76  56.45  55.15  53.87  52.59  51.33  50.09  48.86  47.65  46.45  45.28  44.12  42.98  41.85  40.75  39.66  38.59  37.54  36.50  35.48  34.48  33.49  32.50  31.53  30.57  29.61  28.64  27.68  26.70  25.70  24.66  23.58  22.43  21.18  19.75  18.04  15.82  12.38   0.00
  0.00  48.00  60.62  68.29  73.74  77.93  81.31  84.10  86.46  88.47  90.19  91.68  92.95  94.05  94.97  95.75  96.39  96.91  97.30  97.58  97.76  97.84  97.82  97.71  97.52  97.25  96.89  96.47  95.97  95.40  94.77  94.07  93.32  92.51  91.65  90.74  89.78  88.78  87.74  86.65  85.53  84.38  83.20  81.99  80.75  79.49  78.21  76.91  75.59  74.27  72.93  71.58  70.22  68.86  67.50  66.14  64.77  63.41  62.06  60.71  59.37  58.03  56.71  55.40  54.10  52.82  51.55  50.29  49.05  47.83  46.63  45.44  44.27  43.12  41.99  40.88  39.78  38.70  37.64  36.60  35.57  34.56  33.56  32.57  31.59  30.62  29.65  28.68  27.71  26.73  25.72  24.68  23.60  22.45  21.18  19.75  18.04  15.82  12.38   0.00
  0.00  48.28  60.98  68.68  74.17  78.39  81.78  84.59  86.96  88.98  90.72  92.21  93.50  94.59  95.53  96.31  96.95  97.47  97.86  98.15  98.32  98.40  98.38  98.27  98.08  97.80  97.44  97.01  96.51  95.94  95.30  94.60  93.84  93.02  92.15  91.24  90.27  89.26  88.21  87.11  85.98  84.82  83.63  82.41  81.16  79.89  78.60  77.29  75.96  74.63  73.28  71.92  70.55  69.18  67.81  66.43  65.06  63.69  62.32  60.96  59.61  58.27  56.93  55.61  54.30  53.01  51.73  50.46  49.21  47.98  46.77  45.57  44.40  43.24  42.10  40.98  39.88  38.79  37.72  36.67  35.64  34.62  33.61  32.62  31.63  30.66  29.68  28.71  27.73  26.74  25.73  24.69  23.60  22.45  21.18  19.75  18.04  15.81  12.37   0.00
  0.00  48.52  61.28  69.02  74.54  78.78  82.19  85.02  87.40  89.43  91.17  92.67  93.96  95.07  96.00  96.79  97.44  97.95  98.35  98.63  98.81  98.89  98.87  98.76  98.56  98.28  97.92  97.48  96.97  96.40  95.75  95.05  94.28  93.46  92.59  91.66  90.69  89.67  88.61  87.51  86.37  85.20  84.00  82.77  81.51  80.23  78.93  77.61  76.28  74.93  73.57  72.20  70.83  69.45  68.06  66.68  65.30  63.92  62.54  61.17  59.81  58.46  57.11  55.78  54.47  53.16  51.87  50.60  49.34  48.11  46.88  45.68  44.50  43.33  42.18  41.06  39.95  38.85  37.78  36.72  35.68  34.66  33.65  32.65  31.66  30.68  29.70  28.72  27.74  26.74  25.73  24.69  23.60  22.44  21.17  19.73  18.02  15.79  12.35   0.00
  0.00  48.72  61.53  69.31  74.84  79.10  82.53  85.37  87.76  89.80  91.55  93.06  94.35  95.46  96.40  97.19  97.84  98.36  98.76  99.04  99.22  99.29  99.27  99.16  98.96  98.68  98.31  97.87  97.36  96.78  96.13  95.42  94.65  93.82  92.94  92.01  91.03  90.01  88.94  87.83  86.69  85.51  84.30  83.06  81.80  80.51  79.20  77.87  76.53  75.18  73.81  72.43  71.05  69.66  68.27  66.87  65.48  64.10  62.71  61.33  59.96  58.60  57.25  55.92  54.59  53.28  51.98  50.70  49.44  48.19  46.97  45.76  44.56  43.39  42.24  41.11  39.99  38.89  37.81  36.75  35.71  34.68  33.66  32.66  31.66  30.68  29.69  28.71  27.73  26.73  25.72  24.67  23.58  22.41  21.14  19.71  18.00  15.77  12.33   0.00
  0.00  48.87  61.73  69.53  75.09  79.36  82.80  85.65  88.05  90.09  91.85  93.36  94.66  95.77  96.72  97.51  98.16  98.68  99.07  99.36  99.54  99.61  99.59  99.47  99.27  98.99  98.62  98.18  97.66  97.08  96.43  95.71  94.94  94.11  93.22  92.28  91.30  90.27  89.19  88.08  86.93  85.75  84.53  83.29  82.02  80.72  79.41  78.07  76.72  75.36  73.98  72.60  71.21  69.81  68.42  67.02  65.62  64.22  62.83  61.45  60.07  58.71  57.35  56.00  54.67  53.36  52.05  50.77  49.50  48.25  47.01  45.80  44.60  43.42  42.27  41.13  40.01  38.90  37.82  36.75  35.70  34.67  33.65  32.64  31.65  30.66  29.67  28.69  27.70  26.70  25.68  24.64  23.54  22.38  21.11  19.67  17.96  15.74  12.31   0.00
  0.00  48.99  61.87  69.69  75.26  79.54  82.99  85.85  88.25  90.31  92.07  93.58  94.88  96.00  96.94  97.73  98.39  98.91  99.30  99.59  99.76  99.84  99.82  99.70  99.50  99.21  98.84  98.40  97.88  97.29  96.64  95.92  95.14  94.30  93.41  92.47  91.48  90.45  89.37  88.25  87.10  85.91  84.69  83.44  82.16  80.86  79.54  78.20  76.85  75.48  74.10  72.71  71.31  69.91  68.51  67.10  65.70  64.30  62.90  61.51  60.13  58.76  57.40  56.05  54.71  53.39  52.08  50.79  49.52  48.26  47.02  45.80  44.60  43.42  42.26  41.12  39.99  38.89  37.80  36.73  35.68  34.64  33.62  32.61  31.61  30.62  29.63  28.64  27.66  26.66  25.64  24.59  23.49  22.33  21.06  19.62  17.92  15.69  12.27   0.00
  0.00  49.05  61.96  69.79  75.36  79.65  83.11  85.96  88.37  90.43  92.19  93.71  95.01  96.13  97.07  97.87  98.52  99.04  99.44  99.72  99.90  99.97  99.95  99.83  99.62  99.34  98.97  98.52  98.00  97.41  96.75  96.03  95.25  94.41  93.52  92.57  91.58  90.54  89.46  88.34  87.18  85.99  84.76  83.51  82.23  80.93  79.60  78.26  76.90  75.53  74.14  72.75  71.35  69.95  68.54  67.13  65.72  64.32  62.92  61.52  60.14  58.76  57.40  56.04  54.70  53.38  52.07  50.77  49.50  48.24  46.99  45.77  44.57  43.38  42.22  41.07  39.95  38.84  37.75  36.68  35.62  34.59  33.56  32.55  31.55  30.56  29.57  28.58  27.59  26.59  25.57  24.52  23.43  22.26  21.00  19.56  17.86  15.64  12.23   0.00
  0.00  49.07  61.98  69.81  75.39  79.68  83.13  85.99  88.40  90.46  92.22  93.74  95.05  96.16  97.11  97.90  98.55  99.07  99.47  99.75  99.93 100.00  99.98  99.86  99.65  99.36  98.99  98.54  98.02  97.43  96.77  96.05  95.26  94.42  93.53  92.58  91.59  90.55  89.46  88.34  87.18  85.98  84.76  83.50  82.22  80.91  79.59  78.24  76.88  75.50  74.12  72.72  71.32  69.91  68.50  67.09  65.68  64.27  62.87  61.48  60.09  58.71  57.34  55.99  54.64  53.32  52.00  50.71  49.43  48.17  46.92  45.70  44.50  43.31  42.14  41.00  39.87  38.76  37.67  36.60  35.54  34.50  33.48  32.46  31.46  30.47  29.48  28.50  27.51  26.50  25.49  24.44  23.35  22.18  20.92  19.49  17.79  15.58  12.18   0.00
  0.00  49.03  61.93  69.76  75.33  79.62  83.07  85.93  88.34  90.39  92.16  93.67  94.97  96.09  97.03  97.83  98.48  99.00  99.39  99.68  99.85  99.92  99.90  99.78  99.57  99.28  98.91  98.46  97.94  97.34  96.68  95.96  95.18  94.34  93.44  92.49  91.50  90.46  89.37  88.25  87.08  85.89  84.66  83.40  82.12  80.82  79.49  78.14  76.78  75.40  74.02  72.62  71.21  69.81  68.40  66.98  65.57  64.17  62.76  61.37  59.98  58.60  57.23  55.87  54.53  53.20  51.89  50.59  49.32  48.05  46.81  45.59  44.38  43.20  42.03  40.88  39.75  38.65  37.56  36.48  35.43  34.39  33.36  32.35  31.35  30.36  29.37  28.39  27.40  26.40  25.38  24.34  23.24  22.09  20.82  19.40  17.71  15.51  12.12   0.00
  0.00  48.93  61.81  69.62  75.19  79.47  82.91  85.76  88.17  90.22  91.98  93.49  94.79  95.90  96.85  97.64  98.29  98.80  99.20  99.48  99.66  99.73  99.70  99.58  99.37  99.08  98.71  98.26  97.74  97.15  96.49  95.76  94.98  94.14  93.24  92.30  91.30  90.26  89.18  88.05  86.89  85.70  84.47  83.21  81.93  80.63  79.30  77.95  76.59  75.22  73.83  72.43  71.03  69.62  68.21  66.80  65.39  63.99  62.59  61.19  59.80  58.43  57.06  55.70  54.36  53.04  51.72  50.43  49.15  47.89  46.65  45.43  44.22  43.04  41.87  40.73  39.60  38.49  37.40  36.33  35.28  34.24  33.22  32.21  31.21  30.22  29.24  28.25  27.27  26.27  25.26  24.21  23.12  21.97  20.71  19.30  17.61  15.42  12.05   0.00
  0.00  48.78  61.61  69.40  74.95  79.22  82.65  85.49  87.89  89.94  91.69  93.20  94.49  95.60  96.54  97.33  97.98  98.49  98.89  99.17  99.34  99.41  99.38  99.26  99.05  98.76  98.39  97.94  97.42  96.83  96.17  95.45  94.67  93.83  92.93  91.99  90.99  89.96  88.87  87.75  86.59  85.40  84.18  82.92  81.64  80.34  79.02  77.67  76.31  74.94  73.56  72.17  70.77  69.36  67.95  66.55  65.14  63.74  62.34  60.95  59.56  58.19  56.82  55.47  54.13  52.81  51.50  50.21  48.93  47.68  46.44  45.22  44.02  42.83  41.67  40.53  39.41  38.30  37.22  36.15  35.10  34.06  33.04  32.03  31.04  30.05  29.07  28.09  27.11  26.11  25.10  24.07  22.98  21.83  20.58  19.17  17.49  15.32  11.97   0.00
  0.00  48.56  61.33  69.09  74.61  78.86  82.28  85.11  87.49  89.53  91.27  92.78  94.07  95.17  96.11  96.89  97.53  98.05  98.44  98.72  98.89  98.96  98.93  98.81  98.60  98.31  97.94  97.49  96.97  96.38  95.73  95.01  94.23  93.39  92.50  91.56  90.57  89.53  88.45  87.33  86.18  84.99  83.77  82.52  81.25  79.95  78.63  77.29  75.94  74.57  73.19  71.80  70.41  69.01  67.61  66.20  64.80  63.40  62.01  60.62  59.24  57.87  56.52  55.17  53.84  52.52  51.21  49.93  48.65  47.40  46.17  44.95  43.76  42.58  41.42  40.28  39.16  38.06  36.98  35.92  34.87  33.84  32.83  31.82  30.83  29.85  28.87  27.90  26.92  25.93  24.93  23.89  22.82  21.68  20.43  19.03  17.36  15.20  11.88   0.00
  0.00  48.26  60.96  68.67  74.16  78.38  81.78  84.60  86.97  88.99  90.73  92.22  93.50  94.60  95.53  96.31  96.94  97.45  97.84  98.12  98.29  98.36  98.33  98.21  98.00  97.71  97.35  96.90  96.38  95.79  95.14  94.43  93.65  92.82  91.93  90.99  90.01  88.98  87.90  86.79  85.64  84.46  83.25  82.00  80.73  79.44  78.13  76.80  75.45  74.09  72.72  71.34  69.95  68.56  67.16  65.77  64.37  62.98  61.60  60.22  58.85  57.48  56.13  54.79  53.47  52.15  50.86  49.58  48.31  47.07  45.84  44.63  43.44  42.27  41.12  39.99  38.87  37.78  36.70  35.65  34.61  33.58  32.57  31.58  30.59  29.61  28.64  27.67  26.70  25.72  24.72  23.70  22.63  21.49  20.26  18.87  17.21  15.07  11.78   0.00
  0.00  47.89  60.50  68.15  73.59  77.78  81.15  83.95  86.30  88.31  90.03  91.51  92.78  93.87  94.80  95.57  96.20  96.71  97.09  97.37  97.54  97.60  97.57  97.46  97.25  96.96  96.59  96.15  95.64  95.05  94.40  93.69  92.92  92.10  91.21  90.28  89.30  88.28  87.22  86.11  84.97  83.80  82.59  81.36  80.10  78.81  77.51  76.19  74.85  73.50  72.14  70.76  69.39  68.00  66.62  65.23  63.85  62.47  61.09  59.72  58.36  57.00  55.66  54.33  53.01  51.71  50.42  49.15  47.90  46.66  45.44  44.24  43.06  41.90  40.75  39.63  38.53  37.44  36.37  35.32  34.29  33.27  32.27  31.28  30.30  29.34  28.37  27.41  26.45  25.47  24.48  23.47  22.41  21.28  20.06  18.68  17.04  14.92  11.66   0.00
  0.00  47.44  59.92  67.50  72.89  77.04  80.38  83.15  85.48  87.47  89.17  90.64  91.90  92.98  93.89  94.66  95.28  95.79  96.17  96.44  96.60  96.67  96.64  96.52  96.32  96.03  95.67  95.23  94.72  94.14  93.50  92.79  92.03  91.21  90.34  89.41  88.44  87.43  86.37  85.28  84.15  82.98  81.79  80.56  79.31  78.04  76.75  75.44  74.11  72.78  71.43  70.07  68.70  67.33  65.96  64.58  63.21  61.84  60.48  59.12  57.77  56.43  55.10  53.78  52.47  51.18  49.91  48.65  47.40  46.18  44.97  43.78  42.61  41.46  40.33  39.21  38.12  37.04  35.98  34.94  33.92  32.91  31.92  30.94  29.97  29.01  28.06  27.11  26.15  25.19  24.21  23.20  22.15  21.04  19.83  18.47  16.85  14.75  11.52   0.00
  0.00  46.88  59.22  66.71  72.04  76.14  79.45  82.18  84.48  86.45  88.14  89.59  90.83  91.90  92.80  93.55  94.17  94.67  95.05  95.31  95.48  95.54  95.52  95.40  95.20  94.91  94.55  94.12  93.61  93.04  92.40  91.71  90.95  90.14  89.28  88.36  87.40  86.40  85.36  84.27  83.15  82.00  80.82  79.61  78.38  77.12  75.84  74.54  73.23  71.91  70.57  69.23  67.88  66.52  65.17  63.81  62.45  61.10  59.75  58.41  57.07  55.74  54.43  53.13  51.83  50.56  49.30  48.05  46.82  45.61  44.41  43.24  42.08  40.94  39.82  38.72  37.64  36.58  35.53  34.50  33.49  32.49  31.51  30.54  29.59  28.64  27.70  26.75  25.81  24.86  23.89  22.90  21.86  20.76  19.57  18.22  16.62  14.55  11.37   0.00
  0.00  46.22  58.38  65.77  71.02  75.07  78.32  81.02  83.29  85.23  86.89  88.32  89.55  90.60  91.49  92.23  92.84  93.33  93.70  93.97  94.13  94.19  94.16  94.05  93.85  93.57  93.21  92.79  92.29  91.72  91.09  90.41  89.66  88.86  88.01  87.11  86.16  85.17  84.14  83.07  81.97  80.83  79.67  78.48  77.26  76.02  74.76  73.48  72.18  70.88  69.56  68.24  66.90  65.57  64.23  62.89  61.55  60.22  58.88  57.56  56.24  54.94  53.64  52.35  51.08  49.82  48.58  47.35  46.13  44.94  43.76  42.60  41.46  40.34  39.23  38.15  37.08  36.03  35.00  33.99  32.99  32.01  31.04  30.08  29.14  28.20  27.28  26.35  25.42  24.48  23.52  22.54  21.52  20.44  19.26  17.94  16.36  14.32  11.19   0.00
  0.00  45.43  57.39  64.64  69.81  73.79  76.99  79.64  81.87  83.77  85.41  86.81  88.02  89.05  89.93  90.66  91.26  91.74  92.10  92.36  92.52  92.58  92.56  92.44  92.25  91.97  91.62  91.20  90.71  90.15  89.54  88.86  88.13  87.34  86.50  85.62  84.69  83.71  82.70  81.65  80.56  79.45  78.30  77.13  75.93  74.71  73.47  72.21  70.94  69.66  68.36  67.06  65.75  64.43  63.12  61.80  60.49  59.17  57.86  56.56  55.27  53.98  52.70  51.44  50.19  48.95  47.73  46.52  45.33  44.15  42.99  41.85  40.73  39.63  38.54  37.47  36.43  35.39  34.38  33.38  32.40  31.44  30.49  29.55  28.62  27.70  26.79  25.88  24.96  24.04  23.10  22.14  21.14  20.07  18.91  17.61  16.07  14.06  10.99   0.00
  0.00  44.49  56.20  63.31  68.37  72.26  75.39  77.99  80.18  82.04  83.64  85.02  86.20  87.21  88.07  88.78  89.37  89.84  90.20  90.45  90.61  90.67  90.64  90.53  90.34  90.07  89.72  89.31  88.83  88.29  87.68  87.02  86.30  85.53  84.71  83.84  82.93  81.98  80.98  79.95  78.89  77.80  76.67  75.53  74.35  73.16  71.94  70.71  69.47  68.21  66.94  65.66  64.38  63.09  61.80  60.51  59.22  57.94  56.66  55.38  54.11  52.85  51.60  50.36  49.14  47.93  46.73  45.54  44.38  43.23  42.09  40.97  39.87  38.79  37.73  36.68  35.66  34.65  33.65  32.68  31.72  30.77  29.84  28.92  28.01  27.11  26.22  25.32  24.43  23.53  22.61  21.67  20.68  19.64  18.51  17.24  15.72  13.76  10.75   0.00
  0.00  43.37  54.78  61.71  66.64  70.44  73.49  76.02  78.15  79.97  81.53  82.87  84.02  85.01  85.84  86.54  87.11  87.57  87.92  88.17  88.32  88.38  88.35  88.24  88.06  87.79  87.46  87.06  86.59  86.06  85.47  84.82  84.12  83.37  82.57  81.72  80.83  79.90  78.94  77.93  76.90  75.83  74.74  73.62  72.47  71.31  70.12  68.92  67.71  66.48  65.24  64.00  62.75  61.49  60.24  58.98  57.72  56.47  55.22  53.98  52.74  51.51  50.29  49.09  47.89  46.71  45.54  44.39  43.25  42.13  41.02  39.93  38.86  37.81  36.77  35.75  34.75  33.76  32.80  31.84  30.91  29.99  29.08  28.18  27.30  26.42  25.55  24.68  23.80  22.92  22.03  21.11  20.15  19.14  18.03  16.79  15.32  13.41  10.48   0.00
  0.00  42.01  53.07  59.78  64.56  68.23  71.19  73.64  75.71  77.47  78.98  80.28  81.40  82.35  83.16  83.84  84.39  84.84  85.17  85.41  85.56  85.62  85.59  85.49  85.30  85.05  84.73  84.33  83.88  83.37  82.80  82.17  81.49  80.76  79.99  79.17  78.31  77.41  76.47  75.50  74.49  73.46  72.40  71.31  70.21  69.08  67.93  66.77  65.59  64.40  63.20  62.00  60.79  59.57  58.35  57.13  55.92  54.70  53.49  52.29  51.09  49.90  48.72  47.55  46.39  45.25  44.11  43.00  41.89  40.81  39.74  38.68  37.64  36.62  35.62  34.63  33.66  32.71  31.77  30.85  29.94  29.05  28.17  27.30  26.44  25.59  24.75  23.90  23.06  22.20  21.34  20.45  19.52  18.54  17.47  16.27  14.84  12.99  10.15   0.00
  0.00  40.35  50.97  57.42  62.00  65.54  68.38  70.73  72.71  74.41  75.86  77.11  78.18  79.09  79.87  80.52  81.05  81.48  81.80  82.03  82.17  82.23  82.21  82.10  81.93  81.68  81.37  81.00  80.56  80.07  79.52  78.92  78.27  77.57  76.82  76.04  75.21  74.35  73.45  72.51  71.55  70.56  69.54  68.49  67.43  66.35  65.24  64.13  63.00  61.86  60.71  59.55  58.38  57.22  56.05  54.88  53.71  52.54  51.38  50.22  49.07  47.93  46.79  45.67  44.56  43.46  42.37  41.30  40.24  39.20  38.17  37.15  36.16  35.18  34.21  33.26  32.33  31.41  30.51  29.63  28.76  27.90  27.06  26.22  25.40  24.58  23.77  22.96  22.15  21.33  20.50  19.64  18.75  17.81  16.78  15.62  14.25  12.47   9.75   0.00
  0.00  38.26  48.32  54.44  58.79  62.13  64.83  67.06  68.94  70.54  71.92  73.10  74.12  74.99  75.73  76.34  76.85  77.25  77.56  77.78  77.91  77.96  77.94  77.84  77.68  77.45  77.15  76.80  76.38  75.92  75.40  74.83  74.21  73.54  72.84  72.09  71.31  70.49  69.64  68.75  67.84  66.90  65.93  64.94  63.93  62.91  61.86  60.80  59.73  58.65  57.56  56.46  55.36  54.25  53.14  52.03  50.92  49.82  48.72  47.62  46.53  45.45  44.37  43.31  42.25  41.21  40.18  39.16  38.16  37.17  36.19  35.23  34.29  33.36  32.44  31.54  30.66  29.79  28.94  28.10  27.27  26.46  25.66  24.87  24.09  23.31  22.54  21.78  21.01  20.23  19.44  18.63  17.79  16.89  15.92  14.82  13.52  11.83   9.25   0.00
  0.00  35.50  44.84  50.51  54.55  57.66  60.16  62.23  63.97  65.46  66.74  67.83  68.78  69.58  70.27  70.84  71.31  71.68  71.97  72.17  72.30  72.34  72.32  72.23  72.08  71.87  71.59  71.26  70.88  70.45  69.96  69.43  68.86  68.25  67.59  66.90  66.17  65.41  64.62  63.80  62.95  62.08  61.18  60.27  59.33  58.38  57.41  56.43  55.43  54.43  53.42  52.40  51.38  50.35  49.32  48.29  47.26  46.24  45.21  44.20  43.19  42.18  41.18  40.20  39.22  38.25  37.29  36.35  35.42  34.50  33.60  32.70  31.83  30.96  30.12  29.28  28.46  27.66  26.86  26.09  25.32  24.57  23.82  23.09  22.36  21.65  20.93  20.22  19.50  18.78  18.05  17.30  16.51  15.68  14.78  13.76  12.55  10.99   8.59   0.00
  0.00  31.58  39.89  44.94  48.53  51.29  53.51  55.36  56.91  58.23  59.37  60.34  61.18  61.90  62.51  63.02  63.44  63.77  64.02  64.20  64.31  64.36  64.34  64.26  64.12  63.93  63.69  63.40  63.06  62.67  62.24  61.77  61.26  60.71  60.13  59.52  58.87  58.19  57.49  56.76  56.01  55.23  54.43  53.62  52.79  51.94  51.08  50.20  49.32  48.43  47.53  46.62  45.71  44.80  43.88  42.97  42.05  41.14  40.23  39.33  38.43  37.53  36.65  35.77  34.90  34.04  33.19  32.35  31.52  30.70  29.90  29.11  28.33  27.56  26.81  26.06  25.33  24.62  23.91  23.22  22.54  21.87  21.21  20.56  19.91  19.27  18.64  18.00  17.37  16.73  16.07  15.40  14.71  13.97  13.16  12.26  11.18   9.79   7.65   0.00
  0.00  25.05  31.65  35.65  38.50  40.69  42.45  43.91  45.15  46.20  47.10  47.87  48.54  49.11  49.59  49.99  50.32  50.59  50.79  50.93  51.02  51.06  51.04  50.98  50.87  50.72  50.53  50.29  50.02  49.72  49.38  49.01  48.60  48.17  47.71  47.22  46.71  46.17  45.61  45.03  44.44  43.82  43.19  42.54  41.88  41.21  40.53  39.84  39.13  38.43  37.71  36.99  36.27  35.55  34.82  34.10  33.37  32.65  31.93  31.21  30.50  29.79  29.09  28.39  27.70  27.02  26.34  25.68  25.02  24.37  23.73  23.11  22.49  21.88  21.28  20.69  20.11  19.55  18.99  18.44  17.90  17.36  16.84  16.32  15.81  15.30  14.80  14.30  13.79  13.28  12.77  12.23  11.68  11.09  10.46   9.74   8.88   7.78   6.08   0.00
  0.00   0.00   0.00   0.00   0.00   0.00   0.00   0.00   0.00   0.00   0.00   0.00   0.00   0.00   0.00   0.00   0.00   0.00   0.00   0.00   0.00   0.00   0.00   0.00   0.00   0.00   0.00   0.00   0.00   0.00   0.00   0.00   0.00   0.00   0.00   0.00   0.00   0.00   0.00   0.00   0.00   0.00   0.00   0.00   0.00   0.00   0.00   0.00   0.00   0.00   0.00   0.00   0.00   0.00   0.00   0.00   0.00   0.00   0.00   0.00   0.00   0.00   0.00   0.00   0.00   0.00   0.00   0.00   0.00   0.00   0.00   0.00   0.00   0.00   0.00   0.00   0.00   0.00   0.00   0.00   0.00   0.00   0.00   0.00   0.00   0.00   0.00   0.00   0.00   0.00   0.00   0.00   0.00   0.00   0.00   0.00   0.00   0.00   0.00   0.00
